Coefficients:
a = 0.976087801087749
b = -7.72243589745492
c = 0.4413364413351961
d = 9.64545454547341
